camera_matrix: 
 rows: 3
 cols: 3
 data:  [261.28802490234375, 0.0, 326.3931579589844, 0.0, 261.28802490234375, 178.6479034423828, 0.0, 0.0, 1.0]
distortion_coefficients: 
 rows: 1
 cols: 5
 data: [0.0, 0.0, 0.0, 0.0, 0.0]


camera_topic: "/pylon_camera_node/image_raw"
frame_id: "zed2_left_camera_optical_frame"
publisher_topic: "/pylon_undistorted"