camera_matrix: 
 rows: 3
 cols: 3
 data:  [262.1669616699219, 0.0, 325.52313232421875, 0.0, 262.1669616699219, 180.8289337158203, 0.0, 0.0, 1.0]
distortion_coefficients: 
 rows: 1
 cols: 5
 data: [0.0, 0.0, 0.0, 0.0, 0.0]


camera_topic: "/pylon_camera_node/image_raw"
frame_id: "zed2_left_camera_optical_frame"
publisher_topic: "/pylon_undistorted"